{"male":[[2,"15-24",14.93,14.72,25.35,24.96,12.97,4.0,0.97,1.2,0.63,0.17,0.11],[3,"15-19",37.68,34.32,22.55,3.94,0.71,0.8,"-","-","-","-","-"],[4,"20-24",10.46,10.87,25.9,29.09,15.38,4.63,1.16,1.44,0.76,0.2,0.13],[5,"25-44",0.62,1.72,7.81,19.74,20.7,13.99,10.46,5.92,9.57,5.04,4.45],[6,"25-29",1.03,2.77,12.6,28.55,24.36,13.32,5.83,4.02,5.02,1.23,1.28],[7,"30-34",0.52,1.29,7.06,19.59,21.52,16.43,10.98,6.4,9.65,3.45,3.1],[8,"35-39",0.43,1.72,6.01,17.17,19.83,12.72,12.9,6.72,10.41,6.59,5.5],[9,"40-44",0.53,1.18,5.85,13.77,16.87,13.0,11.81,6.36,13.19,9.2,8.24],[10,"45-64",1.5,2.86,7.41,11.69,15.91,12.57,10.05,6.92,11.13,8.42,11.54],[11,"45-49",0.69,2.03,5.37,12.0,17.61,13.55,10.2,7.11,11.0,9.16,11.29],[12,"50-54",1.38,2.61,7.37,11.11,18.25,13.07,9.84,7.67,10.85,7.18,10.67],[13,"55-59",2.02,4.19,9.51,12.88,11.38,10.99,10.77,5.39,13.58,8.43,10.84],[14,"60-64",3.89,4.1,10.88,9.87,11.5,10.55,8.68,7.01,7.39,9.52,16.62],[15,"65",8.41,14.57,21.08,11.81,11.65,4.76,4.69,11.71,2.35,2.98,6.0]],"female":[[1,"15-24",16.36,12.58,26.87,22.8,9.85,5.72,2.82,1.13,1.4,"-",0.47],[2,"15-19",45.76,21.65,22.52,6.63,2.31,1.14,"-","-","-","-","-"],[3,"20-24",12.01,11.24,27.51,25.2,10.97,6.39,3.24,1.29,1.61,"-",0.54],[4,"25-44",2.01,4.73,17.66,25.6,17.9,10.03,6.49,4.29,5.88,3.02,2.39],[5,"25-29",1.08,3.24,19.71,32.84,17.75,9.57,6.33,3.51,4.59,1.01,0.36],[6,"30-34",2.16,3.96,17.31,24.89,20.17,9.67,6.3,5.08,5.64,2.09,2.73],[7,"35-39",1.28,5.15,17.02,24.06,17.31,11.25,6.63,4.72,7.33,3.18,2.08],[8,"40-44",3.72,7.06,16.32,19.46,15.8,9.71,6.8,3.76,6.15,6.47,4.76],[9,"45-64",5.64,9.75,19.45,15.21,15.28,8.36,5.88,3.52,6.32,4.34,6.26],[10,"45-49",3.89,7.6,17.29,16.85,16.02,8.33,7.96,4.24,6.35,5.02,6.46],[11,"50-54",5.4,10.08,21.32,13.67,14.77,9.45,4.37,3.11,5.89,4.55,7.38],[12,"55-59",8.68,13.03,22.92,13.84,13.98,6.24,3.75,2.91,7.77,2.5,4.36],[13,"60-64",11.34,14.28,13.94,15.9,16.66,8.76,5.41,2.18,4.05,3.44,4.02],[14,"65",31.55,23.25,15.56,13.39,10.37,"-",3.53,0.8,1.37,"-",0.2]]}